0.17089844
-0.13574219
-0.14648438
-0.09960938
0.078125
-0.2109375
-0.21582031
-0.16796875
0.01855469
-0.04199219
0.01074219
0.03222656
0.17773438
0.04785156
0.05761719
0.05078125
0.18164062
-0.0390625
-0.03417969
-0.02832031
0.1171875
-0.04003906
-0.01757812
-0.0078125
0.13867188
-0.078125
-0.06445312
-0.05371094
0.09960938
-0.11328125
-0.08496094
-0.05371094
0.11425781
-0.03125
-0.01171875
-0.00878906
0.14160156
0.0390625
0.05761719
0.06152344
0.19726562
0.03808594
0.02734375
0.02832031
0.16894531
-0.05859375
-0.06445312
-0.03515625
0.12207031
-0.10351562
-0.09082031
-0.046875
0.12207031
-0.04492188
-0.0390625
-0.01171875
0.1328125
0.01464844
0.02832031
0.04296875
0.18261719
0.0078125
0.00390625
0.00976562
0.14550781
-0.10058594
-0.09765625
-0.07128906
0.09472656
-0.1328125
-0.11035156
-0.08105469
0.08789062
-0.08300781
-0.05957031
-0.04394531
0.11328125
-0.00585938
0.01367188
0.01464844
0.15429688
-0.02148438
-0.00488281
-0.0078125
0.13769531
-0.11328125
-0.10546875
-0.08691406
0.078125
-0.14453125
-0.10742188
-0.07519531
0.09277344
-0.06640625
-0.04101562
-0.02832031
0.12402344
0.01464844
0.04296875
0.04101562
0.171875
0.00683594
0.01367188
0.01660156
0.15917969
-0.06933594
-0.06738281
-0.05175781
0.109375
-0.11035156
-0.09375
-0.04882812
0.12109375
-0.04785156
-0.04589844
-0.02539062
0.12988281
0.01171875
0.02148438
0.04296875
0.1796875
0.01074219
0.00488281
0.01855469
0.16308594
-0.06640625
-0.07421875
-0.03808594
0.1171875
-0.08105469
-0.06542969
-0.01953125
0.14648438
-0.01171875
-0.00683594
0.01367188
0.15234375
0.05664062
0.07421875
0.078125
0.21191406
0.06347656
0.06445312
0.05078125
0.1796875
-0.04785156
-0.04199219
-0.03125
0.125
-0.08007812
-0.05957031
-0.0390625
0.12304688
-0.015625
0.01367188
0.01464844
0.15820312
0.06152344
0.08300781
0.06835938
0.19824219
0.04589844
0.05859375
0.04394531
0.17871094
-0.04980469
-0.04589844
-0.03125
0.125
-0.07617188
-0.04980469
-0.02148438
0.13183594
-0.02929688
-0.01367188
0.0
0.15039062
0.04394531
0.0625
0.05957031
0.19335938
0.03417969
0.03222656
0.04101562
0.1796875
-0.04589844
-0.05664062
-0.03613281
0.12109375
-0.09472656
-0.08105469
-0.03515625
0.13085938
-0.04492188
-0.04101562
-0.01757812
0.13671875
0.0
0.01074219
0.02636719
0.16796875
-0.02832031
-0.02636719
-0.01464844
0.13671875
-0.11621094
-0.11328125
-0.08007812
0.07910156
-0.15917969
-0.12890625
-0.08886719
0.08886719
-0.08984375
-0.06445312
-0.05566406
0.09765625
-0.02832031
0.0078125
0.00976562
0.15625
-0.01757812
-0.00195312
-0.01269531
0.13085938
-0.12011719
-0.10058594
-0.08300781
0.08398438
-0.13378906
-0.10644531
-0.078125
0.09472656
-0.06640625
-0.03613281
-0.02539062
0.12988281
0.00585938
0.03027344
0.03515625
0.17675781
0.01269531
0.02441406
0.02441406
0.16113281
-0.08984375
-0.09179688
-0.06054688
0.10546875
-0.11621094
-0.09375
-0.0546875
0.11425781
-0.05664062
-0.04394531
-0.01855469
0.13769531
0.02539062
0.0390625
0.04296875
0.18359375
0.02441406
0.02539062
0.03710938
0.17871094
-0.03125
-0.04101562
-0.01464844
0.14257812
-0.06054688
-0.04492188
-0.00683594
0.15527344
-0.01074219
-0.00292969
0.01074219
0.15917969
0.05664062
0.07421875
0.07714844
0.203125
0.05078125
0.05859375
0.05175781
0.1875
-0.03027344
-0.02636719
-0.02148438
0.12402344
-0.06933594
-0.03808594
-0.015625
0.14550781
-0.00585938
0.01855469
0.0078125
0.14941406
0.05175781
0.08300781
0.07226562
0.20410156
0.05566406
0.05859375
0.04492188
0.17871094
-0.04003906
-0.03027344
-0.01757812
0.13867188
-0.07910156
-0.06054688
-0.03125
0.13574219
-0.01367188
0.00292969
0.01660156
0.15722656
0.04492188
0.05859375
0.06738281
0.203125
0.04785156
0.046875
0.04980469
0.18164062
-0.04980469
-0.05761719
-0.02636719
0.1328125
-0.08203125
-0.06835938
-0.03710938
0.12890625
-0.05371094
-0.04980469
-0.02148438
0.1328125
-0.00097656
0.00683594
0.01757812
0.16308594
-0.02246094
-0.02050781
-0.00488281
0.14160156
-0.11621094
-0.11328125
-0.08398438
0.0859375
-0.1328125
-0.10253906
-0.06542969
0.10253906
-0.07910156
-0.0546875
-0.04101562
0.11621094
-0.01074219
0.01953125
0.02148438
0.15332031
-0.02246094
-0.00097656
-0.00292969
0.14257812
-0.08398438
-0.06542969
-0.06152344
0.09960938
-0.12011719
-0.08496094
-0.05566406
0.1171875
-0.06445312
-0.05078125
-0.04101562
0.11621094
0.00976562
0.04003906
0.04589844
0.18847656
0.00683594
0.00390625
0.01269531
0.15820312
-0.08398438
-0.08300781
-0.05078125
0.11035156
-0.12695312
-0.11132812
-0.06152344
0.11328125
-0.04589844
-0.02929688
-0.00488281
0.14160156
0.04003906
0.05371094
0.06835938
0.20507812
0.0625
0.06347656
0.05957031
0.19140625
-0.03417969
-0.0390625
-0.01367188
0.14453125
-0.0546875
-0.04296875
-0.01367188
0.15039062
0.00097656
0.015625
0.02539062
0.17089844
0.06445312
0.08007812
0.07128906
0.20410156
0.05566406
0.06445312
0.05566406
0.18652344
-0.03027344
-0.01855469
-0.01269531
0.140625
-0.05566406
-0.0234375
-0.00976562
0.13964844
-0.01953125
0.0078125
0.00585938
0.15136719
0.05371094
0.08398438
0.06835938
0.19726562
0.05957031
0.07421875
0.06542969
0.19921875
-0.02734375
-0.03320312
-0.02539062
0.13085938
-0.07617188
-0.05273438
-0.01953125
0.14746094
-0.01855469
-0.015625
0.00390625
0.15429688
0.04394531
0.05859375
0.06738281
0.20410156
0.03320312
0.02734375
0.03808594
0.17773438
-0.0703125
-0.07617188
-0.04492188
0.11132812
-0.13671875
-0.125
-0.07226562
0.10351562
-0.07617188
-0.06152344
-0.04199219
0.11132812
-0.02246094
-0.00488281
0.01464844
0.16113281
-0.00878906
-0.00390625
-0.00195312
0.14550781
-0.10351562
-0.09667969
-0.0703125
0.09472656
-0.13574219
-0.11523438
-0.07910156
0.09570312
-0.08789062
-0.0625
-0.04394531
0.11230469
-0.02246094
0.01074219
0.01269531
0.15820312
-0.00292969
0.01855469
0.01367188
0.1484375
-0.08789062
-0.07324219
-0.05761719
0.10644531
-0.11328125
-0.08203125
-0.0546875
0.11132812
-0.05957031
-0.03417969
-0.02050781
0.13769531
0.01074219
0.02636719
0.02929688
0.171875
0.00195312
0.0078125
0.01953125
0.16699219
-0.08398438
-0.09765625
-0.0625
0.10351562
-0.11230469
-0.08886719
-0.04296875
0.12988281
-0.04492188
-0.03808594
-0.01074219
0.14453125
0.06542969
0.08300781
0.09472656
0.22070312
0.06738281
0.0625
0.06835938
0.20117188
-0.01757812
-0.01855469
-0.00585938
0.14160156
-0.06445312
-0.04394531
-0.01269531
0.15039062
-0.00390625
0.01367188
0.00976562
0.15429688
0.06054688
0.08691406
0.08007812
0.20898438
0.06738281
0.07421875
0.0546875
0.18554688
-0.03125
-0.01757812
-0.01464844
0.13671875
-0.07519531
-0.04492188
-0.02734375
0.13769531
-0.01367188
0.01269531
0.01464844
0.15527344
0.05566406
0.08203125
0.07714844
0.2109375
0.0546875
0.05957031
0.05078125
0.18164062
-0.04003906
-0.03808594
-0.01660156
0.14257812
-0.07226562
-0.05859375
-0.03125
0.13378906
-0.02441406
-0.01367188
0.00878906
0.15917969
0.04492188
0.04492188
0.05761719
0.1953125
0.03222656
0.02929688
0.04101562
0.18164062
-0.08007812
-0.09570312
-0.06152344
0.10351562
-0.12597656
-0.10449219
-0.05859375
0.11230469
-0.08203125
-0.06933594
-0.04296875
0.1171875
-0.00292969
0.02050781
0.03125
0.16503906
-0.01367188
-0.00585938
0.00195312
0.14746094
-0.09765625
-0.08398438
-0.07421875
0.08886719
-0.14355469
-0.11035156
-0.07519531
0.09960938
-0.07226562
-0.05078125
-0.04492188
0.11132812
0.00097656
0.03515625
0.03613281
0.17675781
0.00683594
0.01855469
0.01464844
0.16015625
-0.07910156
-0.07324219
-0.05078125
0.109375
-0.12695312
-0.1015625
-0.0625
0.11328125
-0.0625
-0.046875
-0.0234375
0.12402344
-0.00292969
0.01757812
0.03320312
0.1796875
0.00488281
0.00390625
0.01171875
0.15234375
-0.07421875
-0.07128906
-0.03808594
0.12597656
-0.08398438
-0.07714844
-0.03417969
0.13671875
-0.00390625
0.0078125
0.03027344
0.18066406
0.07128906
0.07128906
0.08007812
0.21386719
0.07128906
0.07128906
0.07128906
0.20703125
-0.02246094
-0.02929688
-0.00878906
0.14550781
-0.0625
-0.0390625
-0.01464844
0.13867188
-0.02148438
0.0
0.00488281
0.15234375
0.06445312
0.09765625
0.078125
0.203125
0.06445312
0.08007812
0.06445312
0.19335938
-0.02636719
-0.02050781
-0.02539062
0.12890625
-0.0703125
-0.04003906
-0.015625
0.14648438
-0.00683594
0.00976562
0.01269531
0.16015625
0.05859375
0.08105469
0.078125
0.2109375
0.04101562
0.04394531
0.04199219
0.18164062
-0.04980469
-0.05371094
-0.02539062
0.12402344
-0.08496094
-0.06738281
-0.0234375
0.14550781
-0.01855469
-0.01464844
0.00195312
0.14648438
0.02832031
0.04199219
0.05859375
0.19628906
0.00878906
-0.00292969
0.00683594
0.15039062
-0.10546875
-0.10546875
-0.0703125
0.09960938
-0.13574219
-0.12792969
-0.08007812
0.09765625
-0.0859375
-0.06640625
-0.04199219
0.11816406
-0.02050781
0.00390625
0.01464844
0.16113281
-0.01074219
0.00488281
0.00585938
0.14453125
-0.11328125
-0.1015625
-0.07910156
0.08691406
-0.15039062
-0.11425781
-0.08496094
0.08496094
-0.08300781
-0.04882812
-0.03710938
0.11914062
0.01074219
0.04296875
0.03320312
0.17382812
0.00976562
0.02539062
0.02246094
0.16503906
-0.078125
-0.07714844
-0.06054688
0.10546875
-0.12109375
-0.09472656
-0.0546875
0.11914062
-0.06054688
-0.04492188
-0.0234375
0.13574219
0.01660156
0.03222656
0.04882812
0.18261719
0.015625
0.01757812
0.03125
0.17578125
-0.0546875
-0.05957031
-0.03125
0.12304688
-0.06445312
-0.04589844
-0.00097656
0.16503906
0.00976562
0.00976562
0.02539062
0.16992188
0.07128906
0.08300781
0.09179688
0.22460938
0.0703125
0.0546875
0.05566406
0.19238281
-0.02734375
-0.02734375
-0.00976562
0.14746094
-0.06347656
-0.046875
-0.015625
0.14648438
0.00097656
0.0234375
0.02636719
0.16308594
0.05957031
0.08789062
0.07714844
0.20703125
0.05566406
0.07128906
0.04980469
0.17773438
-0.04101562
-0.03027344
-0.01855469
0.13769531
-0.06640625
-0.03613281
-0.0234375
0.13867188
-0.02148438
-0.00292969
0.00878906
0.15722656
0.05859375
0.07226562
0.07226562
0.20800781
0.0546875
0.0546875
0.05859375
0.1953125
-0.0390625
-0.04882812
-0.0234375
0.13671875
-0.08203125
-0.06933594
-0.02441406
0.13769531
-0.03417969
-0.02636719
0.00097656
0.15332031
0.01660156
0.0234375
0.04101562
0.17089844
-0.015625
-0.01464844
0.00195312
0.15234375
-0.10253906
-0.10546875
-0.07714844
0.08691406
-0.13574219
-0.10742188
-0.0625
0.11132812
-0.06835938
-0.06054688
-0.04296875
0.11328125
-0.0078125
0.0234375
0.02832031
0.171875
-0.01171875
-0.00195312
-0.00292969
0.14160156
-0.10351562
-0.08398438
-0.0703125
0.09082031
-0.12695312
-0.08789062
-0.06054688
0.109375
-0.05664062
-0.02246094
-0.02148438
0.12207031
-0.00195312
0.03320312
0.03222656
0.17480469
0.01464844
0.03125
0.01953125
0.15917969
-0.08105469
-0.07519531
-0.05078125
0.11425781
-0.12109375
-0.10449219
-0.06542969
0.11132812
-0.06835938
-0.05664062
-0.02539062
0.13378906
0.01074219
0.01953125
0.04003906
0.18164062
0.03515625
0.03320312
0.04980469
0.1875
-0.03125
-0.03515625
-0.00488281
0.15136719
-0.05859375
-0.04980469
-0.00488281
0.1484375
-0.00292969
0.00683594
0.02734375
0.17675781
0.078125
0.08789062
0.08984375
0.21484375
0.06152344
0.06347656
0.06152344
0.19628906
-0.03027344
-0.03515625
-0.02539062
0.12988281
-0.06152344
-0.03222656
-0.00683594
0.15429688
0.00292969
0.01855469
0.01660156
0.16015625
0.05273438
0.08203125
0.0703125
0.20214844
0.03710938
0.04882812
0.04101562
0.17773438
-0.03808594
-0.02636719
-0.015625
0.1328125
-0.07519531
-0.05273438
-0.02148438
0.14453125
-0.01953125
-0.00390625
0.00292969