0.00390672689537297
0.00781345379074594
0.00390672689537297
0.00390672689537297
0.00390672689537297
0.00781345379074594
0.00390672689537297
0.00781345379074594
0.00390672689537297
0.00390672689537297
0.00390672689537297
0.00781345379074594
0.00781345379074594
0.00390672689537297
0.00390672689537297
0.00390672689537297
-0.03125381516298376
0.00781345379074594
0.0
-0.00781345379074594
0.00781345379074594
0.01562690758149188
0.011720180686118912
-0.00390672689537297
0.0
0.0
0.00781345379074594
0.01562690758149188
0.0
0.0
0.0
0.00390672689537297
0.00781345379074594
0.00781345379074594
0.00390672689537297
0.00390672689537297
0.00390672689537297
0.00781345379074594
0.00781345379074594
0.00390672689537297
0.00390672689537297
0.00390672689537297
0.00390672689537297
0.00390672689537297
0.00781345379074594
0.00390672689537297
0.00390672689537297
0.00390672689537297
0.00781345379074594
0.00781345379074594
0.00390672689537297
0.00781345379074594
0.00390672689537297
0.00781345379074594
0.00781345379074594
0.00781345379074594
0.00781345379074594
0.00390672689537297
0.00390672689537297
0.00390672689537297
0.00781345379074594
0.00781345379074594
0.00390672689537297
0.00390672689537297
0.00390672689537297
0.00390672689537297
0.00390672689537297
0.00390672689537297
0.00390672689537297
0.00390672689537297
0.00390672689537297
0.00781345379074594
0.00781345379074594
0.0
0.00781345379074594
0.00390672689537297
0.00390672689537297
0.00390672689537297
0.00781345379074594
0.00390672689537297
0.00390672689537297
0.00390672689537297
0.0
0.00390672689537297
0.00390672689537297
0.00390672689537297
0.00781345379074594
0.00390672689537297
0.00390672689537297
0.00781345379074594
0.00781345379074594
0.00390672689537297
0.00781345379074594
0.00390672689537297
0.00390672689537297
0.00781345379074594
0.00390672689537297
0.00781345379074594
0.00781345379074594
0.0
0.00390672689537297
0.00781345379074594
0.00390672689537297
0.00390672689537297
0.00781345379074594
0.00390672689537297
0.00781345379074594
0.00390672689537297
0.00781345379074594
0.00390672689537297
0.023440361372237824
-0.00781345379074594
0.00390672689537297
0.00781345379074594
-0.011720180686118912
-0.00781345379074594
-0.00781345379074594
0.0
0.00781345379074594
0.00390672689537297
-0.00390672689537297
-0.00781345379074594
0.0
0.00390672689537297
0.00781345379074594
0.00390672689537297
0.0
0.00390672689537297
0.0
0.00781345379074594
0.00390672689537297
0.00390672689537297
0.0
0.0
0.00390672689537297
0.00390672689537297
0.00781345379074594
0.00390672689537297
0.00390672689537297
0.00390672689537297
0.00390672689537297
0.00390672689537297
0.00781345379074594
0.0
0.00390672689537297
0.00390672689537297
0.0
0.00390672689537297
0.00390672689537297
0.00390672689537297
0.00390672689537297
0.00390672689537297
0.00781345379074594
0.00390672689537297
0.00390672689537297
0.00390672689537297
0.00390672689537297
0.00390672689537297
0.00390672689537297
0.00390672689537297
0.0
0.00390672689537297
0.00781345379074594
0.0
0.00390672689537297
0.00390672689537297
0.00390672689537297
0.00781345379074594
0.00390672689537297
0.00390672689537297
0.00390672689537297
0.00781345379074594
0.00390672689537297
0.00781345379074594
0.00390672689537297
0.0
0.00781345379074594
0.00390672689537297
0.00390672689537297
0.00781345379074594
0.00390672689537297
0.0
0.00390672689537297
0.00390672689537297
0.00390672689537297
0.00390672689537297
0.00390672689537297
0.00390672689537297
0.00781345379074594
0.011720180686118912
0.00390672689537297
0.00781345379074594
0.00390672689537297
0.0
0.00781345379074594
0.00390672689537297
0.00390672689537297
0.00781345379074594
0.00390672689537297
0.00390672689537297
0.00781345379074594
0.00390672689537297
0.00781345379074594
-0.04297399584910267
-0.261750701989989
-0.265657428885362
-0.25784397509461604
-0.24612379440849713
-0.23049688682700525
-0.22268343303625932
-0.21486997924551338
-0.1992430716640215
-0.19142961787327556
-0.1836161640825296
-0.17189598339641068
-0.16017580271029178
-0.1562690758149188
-0.1445488951287999
-0.13673544133805396
-0.132828714442681
-0.12501526065193505
-0.11720180686118911
-0.10938835307044317
-0.10938835307044317
-0.10157489927969723
-0.09766817238432426
-0.08985471859357831
-0.08594799169820534
-0.0781345379074594
-0.07422781101208643
-0.07422781101208643
-0.07032108411671346
-0.0664143572213405
-0.06250763032596753
-0.06250763032596753
-0.054694176535221586
-0.05078744963984862
-0.05078744963984862
-0.05078744963984862
-0.04688072274447565
-0.04297399584910267
-0.04297399584910267
-0.0390672689537297
-0.0390672689537297
-0.03516054205835673
-0.027347088267610793
-0.03125381516298376
-0.027347088267610793
-0.027347088267610793
-0.027347088267610793
-0.027347088267610793
-0.027347088267610793
-0.023440361372237824
-0.023440361372237824
-0.01953363447686485
-0.01562690758149188
-0.01953363447686485
-0.01953363447686485
-0.01953363447686485
-0.011720180686118912
-0.01562690758149188
-0.011720180686118912
-0.00781345379074594
-0.011720180686118912
-0.011720180686118912
-0.00781345379074594
-0.00390672689537297
-0.00781345379074594
-0.00390672689537297
-0.00781345379074594
-0.00781345379074594
-0.00390672689537297
-0.00390672689537297
-0.00390672689537297
-0.00390672689537297
-0.00781345379074594
-0.00390672689537297
0.0
-0.00390672689537297
-0.00390672689537297
0.0
0.0
0.0
-0.00390672689537297
0.0
0.0
0.0
0.0
0.0
0.0
-0.00390672689537297
0.00390672689537297
0.0
0.0
0.00390672689537297
0.00390672689537297
0.0
-0.04297399584910267
-0.35941887437431325
-0.37895250885117815
-0.3633256012696862
-0.34769869368819434
-0.3281650592113295
-0.3125381516298376
-0.29691124404834573
-0.28128433646685386
-0.265657428885362
-0.25393724819924307
-0.24221706751312416
-0.22659015993163228
-0.21877670614088635
-0.20705652545476744
-0.19533634476864853
-0.1875228909779026
-0.17580271029178365
-0.16408252960566475
-0.16408252960566475
-0.15236234891954584
-0.14064216823342693
-0.13673544133805396
-0.12501526065193505
-0.12110853375656208
-0.11720180686118911
-0.10938835307044317
-0.10157489927969723
-0.09766817238432426
-0.0937614454889513
-0.08985471859357831
-0.08594799169820534
-0.08204126480283237
-0.0781345379074594
-0.07422781101208643
-0.0664143572213405
-0.0664143572213405
-0.06250763032596753
-0.054694176535221586
-0.054694176535221586
-0.05078744963984862
-0.04688072274447565
-0.04688072274447565
-0.04688072274447565
-0.0390672689537297
-0.0390672689537297
-0.0390672689537297
-0.03516054205835673
-0.0390672689537297
-0.03516054205835673
-0.03516054205835673
-0.03125381516298376
-0.027347088267610793
-0.027347088267610793
-0.027347088267610793
-0.023440361372237824
-0.01953363447686485
-0.023440361372237824
-0.01953363447686485
-0.01953363447686485
-0.01562690758149188
-0.01562690758149188
-0.01953363447686485
-0.011720180686118912
-0.011720180686118912
-0.011720180686118912
-0.00781345379074594
-0.011720180686118912
-0.00781345379074594
-0.011720180686118912
-0.00781345379074594
-0.00781345379074594
-0.00781345379074594
-0.00390672689537297
-0.00781345379074594
-0.00390672689537297
0.0
-0.00390672689537297
-0.00390672689537297
0.0
-0.00390672689537297
-0.00390672689537297
0.0
-0.00390672689537297
0.0
0.0
-0.00390672689537297
0.00390672689537297
0.0
0.0
0.00390672689537297
0.0
-0.00390672689537297
0.0
-0.023440361372237824
-0.34379196679282137
-0.37113905506043215
-0.35941887437431325
-0.3398852398974484
-0.3242583323159565
-0.30863142473446464
-0.29300451715297277
-0.2773776095714809
-0.265657428885362
-0.25393724819924307
-0.2383103406177512
-0.22659015993163228
-0.21486997924551338
-0.20314979855939447
-0.19142961787327556
-0.1836161640825296
-0.17189598339641068
-0.16408252960566475
-0.1562690758149188
-0.15236234891954584
-0.14064216823342693
-0.132828714442681
-0.12892198754730802
-0.12110853375656208
-0.11329507996581614
-0.1054816261750702
-0.1054816261750702
-0.09766817238432426
-0.08985471859357831
-0.08985471859357831
-0.08204126480283237
-0.0781345379074594
-0.07422781101208643
-0.07032108411671346
-0.07032108411671346
-0.0664143572213405
-0.058600903430594556
-0.058600903430594556
-0.054694176535221586
-0.04688072274447565
-0.05078744963984862
-0.04688072274447565
-0.04297399584910267
-0.0390672689537297
-0.0390672689537297
-0.03516054205835673
-0.0390672689537297
-0.03516054205835673
-0.03125381516298376
-0.03516054205835673
-0.027347088267610793
-0.027347088267610793
-0.027347088267610793
-0.027347088267610793
-0.01953363447686485
-0.023440361372237824
-0.01953363447686485
-0.01562690758149188
-0.01953363447686485
-0.01562690758149188
-0.01562690758149188
-0.01562690758149188
-0.00781345379074594
-0.011720180686118912
-0.00781345379074594
-0.011720180686118912
-0.00781345379074594
-0.00781345379074594
-0.00781345379074594
-0.00781345379074594
-0.00390672689537297
-0.00390672689537297
-0.00390672689537297
-0.00390672689537297
-0.00390672689537297
-0.00390672689537297
-0.00390672689537297
-0.00390672689537297
-0.00390672689537297
0.0
0.0
0.0
0.0
0.0
0.0
0.0
0.0
0.00390672689537297
0.0
0.0
0.0
0.00390672689537297
0.0
-0.00390672689537297
-0.33207178610670246
-0.3828592357465511
-0.3750457819558052
-0.3555121474789403
-0.33597851300207543
-0.3164448785252106
-0.3047246978390917
-0.2851910633622268
-0.2734708826761079
-0.261750701989989
-0.24612379440849713
-0.23440361372237822
-0.21877670614088635
-0.2109632523501404
-0.1992430716640215
-0.1875228909779026
-0.17970943718715662
-0.17189598339641068
-0.16017580271029178
-0.15236234891954584
-0.1445488951287999
-0.13673544133805396
-0.12892198754730802
-0.12110853375656208
-0.11720180686118911
-0.10938835307044317
-0.1054816261750702
-0.10157489927969723
-0.09766817238432426
-0.08985471859357831
-0.08594799169820534
-0.08204126480283237
-0.0781345379074594
-0.0781345379074594
-0.0664143572213405
-0.0664143572213405
-0.06250763032596753
-0.058600903430594556
-0.058600903430594556
-0.054694176535221586
-0.05078744963984862
-0.04688072274447565
-0.04297399584910267
-0.0390672689537297
-0.0390672689537297
-0.03516054205835673
-0.0390672689537297
-0.03516054205835673
-0.03516054205835673
-0.03516054205835673
-0.03516054205835673
-0.03125381516298376
-0.023440361372237824
-0.027347088267610793
-0.027347088267610793
-0.023440361372237824
-0.023440361372237824
-0.01953363447686485
-0.01953363447686485
-0.01562690758149188
-0.011720180686118912
-0.01562690758149188
-0.011720180686118912
-0.011720180686118912
-0.011720180686118912
-0.011720180686118912
-0.00781345379074594
-0.00781345379074594
-0.00781345379074594
-0.00781345379074594
-0.00390672689537297
-0.00390672689537297
-0.00390672689537297
-0.00390672689537297
-0.00390672689537297
-0.00390672689537297
-0.00390672689537297
0.0
-0.00390672689537297
0.0
0.0
0.0
-0.00390672689537297
0.00390672689537297
0.0
0.0
0.0
0.0
0.0
0.0
0.00390672689537297
0.0
0.00390672689537297
0.0
-0.2851910633622268
-0.3555121474789403
-0.3398852398974484
-0.3242583323159565
-0.30863142473446464
-0.29300451715297277
-0.28128433646685386
-0.265657428885362
-0.2500305213038701
-0.23440361372237822
-0.22659015993163228
-0.21877670614088635
-0.20314979855939447
-0.19142961787327556
-0.1836161640825296
-0.17580271029178365
-0.16408252960566475
-0.1562690758149188
-0.15236234891954584
-0.14064216823342693
-0.132828714442681
-0.12501526065193505
-0.12110853375656208
-0.11329507996581614
-0.1054816261750702
-0.10157489927969723
-0.09766817238432426
-0.08985471859357831
-0.08594799169820534
-0.08204126480283237
-0.0781345379074594
-0.07422781101208643
-0.0664143572213405
-0.0664143572213405
-0.06250763032596753
-0.058600903430594556
-0.058600903430594556
-0.058600903430594556
-0.05078744963984862
-0.04688072274447565
-0.04688072274447565
-0.04297399584910267
-0.04297399584910267
-0.0390672689537297
-0.03516054205835673
-0.03516054205835673
-0.03125381516298376
-0.03125381516298376
-0.03125381516298376
-0.027347088267610793
-0.027347088267610793
-0.027347088267610793
-0.027347088267610793
-0.01953363447686485
-0.023440361372237824
-0.01953363447686485
-0.01953363447686485
-0.01953363447686485
-0.01953363447686485
-0.01562690758149188
-0.01562690758149188
-0.01562690758149188
-0.011720180686118912
-0.011720180686118912
-0.011720180686118912
-0.00781345379074594
-0.00781345379074594
-0.011720180686118912
-0.00390672689537297
-0.00781345379074594
-0.00781345379074594
-0.00390672689537297
-0.00781345379074594
-0.00781345379074594
-0.00390672689537297
-0.00390672689537297
0.0
-0.00390672689537297
0.0
0.0
0.0
0.0
0.00390672689537297
0.0
0.0
0.00390672689537297
-0.00390672689537297
0.0
0.0
0.0
0.00390672689537297
0.0
-0.00390672689537297
0.0
-0.28128433646685386
-0.3633256012696862
-0.3555121474789403
-0.33207178610670246
-0.3164448785252106
-0.3008179709437187
-0.2851910633622268
-0.2734708826761079
-0.25393724819924307
-0.24221706751312416
-0.23440361372237822
-0.21877670614088635
-0.20705652545476744
-0.1992430716640215
-0.1875228909779026
-0.17580271029178365
-0.17189598339641068
-0.16017580271029178
-0.14845562202417287
-0.1445488951287999
-0.132828714442681
-0.12892198754730802
-0.12110853375656208
-0.11720180686118911
-0.11329507996581614
-0.1054816261750702
-0.09766817238432426
-0.0937614454889513
-0.08985471859357831
-0.08204126480283237
-0.08204126480283237
-0.07422781101208643
-0.07032108411671346
-0.07032108411671346
-0.0664143572213405
-0.058600903430594556
-0.058600903430594556
-0.054694176535221586
-0.05078744963984862
-0.05078744963984862
-0.04688072274447565
-0.04297399584910267
-0.04297399584910267
-0.0390672689537297
-0.0390672689537297
-0.03516054205835673
-0.03125381516298376
-0.03125381516298376
-0.03125381516298376
-0.03125381516298376
-0.027347088267610793
-0.027347088267610793
-0.023440361372237824
-0.023440361372237824
-0.023440361372237824
-0.01953363447686485
-0.01953363447686485
-0.01953363447686485
-0.01562690758149188
-0.01562690758149188
-0.01562690758149188
-0.01562690758149188
-0.011720180686118912
-0.011720180686118912
-0.011720180686118912
-0.011720180686118912
-0.011720180686118912
-0.00390672689537297
-0.00781345379074594
-0.00390672689537297
-0.00390672689537297
-0.00781345379074594
-0.00390672689537297
0.0
-0.00390672689537297
-0.00390672689537297
0.0
-0.00781345379074594
0.0
0.00390672689537297
0.00390672689537297
0.00390672689537297
0.00390672689537297
0.0
0.0
0.00390672689537297
0.0
0.0
0.00390672689537297
0.00390672689537297
0.00390672689537297
0.00390672689537297
0.0
0.00390672689537297
-0.24221706751312416
-0.3398852398974484
-0.33207178610670246
-0.3164448785252106
-0.3008179709437187
-0.2890977902575998
-0.26956415578073495
-0.25784397509461604
-0.24221706751312416
-0.23440361372237822
-0.21877670614088635
-0.20705652545476744
-0.19533634476864853
-0.19142961787327556
-0.17970943718715662
-0.16798925650103771
-0.16017580271029178
-0.14845562202417287
-0.1445488951287999
-0.13673544133805396
-0.12501526065193505
-0.12110853375656208
-0.12110853375656208
-0.10938835307044317
-0.1054816261750702
-0.10157489927969723
-0.0937614454889513
-0.08594799169820534
-0.08594799169820534
-0.08204126480283237
-0.07422781101208643
-0.07032108411671346
-0.0664143572213405
-0.0664143572213405
-0.06250763032596753
-0.054694176535221586
-0.058600903430594556
-0.054694176535221586
-0.04297399584910267
-0.05078744963984862
-0.04297399584910267
-0.0390672689537297
-0.0390672689537297
-0.0390672689537297
-0.03516054205835673
-0.03125381516298376
-0.027347088267610793
-0.03125381516298376
-0.027347088267610793
-0.027347088267610793
-0.027347088267610793
-0.023440361372237824
-0.023440361372237824
-0.01953363447686485
-0.023440361372237824
-0.01562690758149188
-0.01562690758149188
-0.01953363447686485
-0.01562690758149188
-0.011720180686118912
-0.011720180686118912
-0.011720180686118912
-0.00781345379074594
-0.011720180686118912
-0.011720180686118912
-0.00781345379074594
-0.011720180686118912
-0.00390672689537297
-0.00781345379074594
-0.00781345379074594
-0.00390672689537297
-0.00781345379074594
-0.00781345379074594
0.0
-0.00390672689537297
0.0
0.0
-0.00390672689537297
0.0
0.0
-0.00390672689537297
0.0
0.00390672689537297
0.0
0.0
0.00390672689537297
0.00390672689537297
0.00390672689537297
0.00390672689537297
0.00390672689537297
0.00390672689537297
0.00390672689537297
0.0
0.00390672689537297
-0.23440361372237822
-0.3672323281650592
-0.3555121474789403
-0.33207178610670246
-0.32035160542058355
-0.3008179709437187
-0.2890977902575998
-0.2734708826761079
-0.25784397509461604
-0.24612379440849713
-0.23440361372237822
-0.21877670614088635
-0.2109632523501404
-0.20314979855939447
-0.1875228909779026
-0.17970943718715662
-0.17580271029178365
-0.16017580271029178
-0.15236234891954584
-0.14845562202417287
-0.13673544133805396
-0.132828714442681
-0.12501526065193505
-0.11720180686118911
-0.11329507996581614
-0.1054816261750702
-0.09766817238432426
-0.09766817238432426
-0.08985471859357831
-0.08204126480283237
-0.08594799169820534
-0.0781345379074594
-0.07032108411671346
-0.07032108411671346
-0.0664143572213405
-0.06250763032596753
-0.058600903430594556
-0.054694176535221586
-0.05078744963984862
-0.05078744963984862
-0.04688072274447565
-0.04297399584910267
-0.04297399584910267
-0.03516054205835673
-0.03516054205835673
-0.03516054205835673
-0.03125381516298376
-0.03125381516298376
-0.03516054205835673
-0.03125381516298376
-0.027347088267610793
-0.027347088267610793
-0.023440361372237824
-0.027347088267610793
-0.01953363447686485
-0.01953363447686485
-0.01953363447686485
-0.01953363447686485
-0.01562690758149188
-0.01953363447686485
-0.01562690758149188
-0.011720180686118912
-0.011720180686118912
-0.011720180686118912
-0.011720180686118912
-0.00781345379074594
-0.00781345379074594
-0.00781345379074594
-0.011720180686118912
-0.00781345379074594
-0.00781345379074594
-0.00781345379074594
-0.00390672689537297
-0.00390672689537297
-0.00390672689537297
-0.00390672689537297
-0.00390672689537297
-0.00390672689537297
0.0
-0.00390672689537297
0.0
0.00390672689537297
0.00390672689537297
0.0
0.0
0.0
0.00390672689537297
0.0
0.00390672689537297
0.00390672689537297
0.00390672689537297
0.00781345379074594
0.00390672689537297
0.00390672689537297
-0.1992430716640215
-0.35941887437431325
-0.3516054205835673
-0.33597851300207543
-0.3164448785252106
-0.3008179709437187
-0.2851910633622268
-0.2734708826761079
-0.25784397509461604
-0.24221706751312416
-0.23440361372237822
-0.21877670614088635
-0.20705652545476744
-0.1992430716640215
-0.1875228909779026
-0.17580271029178365
-0.16798925650103771
-0.16017580271029178
-0.15236234891954584
-0.14064216823342693
-0.13673544133805396
-0.132828714442681
-0.12110853375656208
-0.11720180686118911
-0.11329507996581614
-0.1054816261750702
-0.09766817238432426
-0.0937614454889513
-0.08985471859357831
-0.08594799169820534
-0.0781345379074594
-0.0781345379074594
-0.07422781101208643
-0.0664143572213405
-0.06250763032596753
-0.06250763032596753
-0.054694176535221586
-0.05078744963984862
-0.05078744963984862
-0.05078744963984862
-0.04688072274447565
-0.04297399584910267
-0.04297399584910267
-0.0390672689537297
-0.03516054205835673
-0.03125381516298376
-0.03516054205835673
-0.03125381516298376
-0.03125381516298376
-0.03125381516298376
-0.027347088267610793
-0.027347088267610793
-0.023440361372237824
-0.023440361372237824
-0.023440361372237824
-0.01953363447686485
-0.01953363447686485
-0.01562690758149188
-0.01562690758149188
-0.01562690758149188
-0.011720180686118912
-0.01562690758149188
-0.011720180686118912
-0.011720180686118912
-0.011720180686118912
-0.011720180686118912
-0.00781345379074594
-0.00390672689537297
-0.00781345379074594
-0.00781345379074594
-0.00781345379074594
-0.00390672689537297
-0.00781345379074594
-0.00390672689537297
-0.00390672689537297
0.0
-0.00390672689537297
-0.00390672689537297
0.0
-0.00390672689537297
0.0
0.0
0.00390672689537297
0.00390672689537297
0.0
0.0
0.00390672689537297
0.00390672689537297
0.0
0.00390672689537297
0.00390672689537297
0.00390672689537297
0.00390672689537297
0.00390672689537297
-0.17970943718715662
-0.35941887437431325
-0.3555121474789403
-0.33207178610670246
-0.32035160542058355
-0.3047246978390917
-0.2851910633622268
-0.2734708826761079
-0.261750701989989
-0.24612379440849713
-0.23049688682700525
-0.21877670614088635
-0.2109632523501404
-0.20314979855939447
-0.1875228909779026
-0.17970943718715662
-0.17189598339641068
-0.16017580271029178
-0.15236234891954584
-0.1445488951287999
-0.13673544133805396
-0.12892198754730802
-0.12501526065193505
-0.11329507996581614
-0.10938835307044317
-0.1054816261750702
-0.10157489927969723
-0.09766817238432426
-0.08985471859357831
-0.08204126480283237
-0.08204126480283237
-0.07422781101208643
-0.07032108411671346
-0.07032108411671346
-0.0664143572213405
-0.06250763032596753
-0.058600903430594556
-0.054694176535221586
-0.054694176535221586
-0.05078744963984862
-0.04297399584910267
-0.04688072274447565
-0.0390672689537297
-0.04297399584910267
-0.03516054205835673
-0.03516054205835673
-0.03516054205835673
-0.03125381516298376
-0.03125381516298376
-0.027347088267610793
-0.027347088267610793
-0.027347088267610793
-0.023440361372237824
-0.023440361372237824
-0.01953363447686485
-0.01562690758149188
-0.01953363447686485
-0.01562690758149188
-0.01562690758149188
-0.01953363447686485
-0.011720180686118912
-0.011720180686118912
-0.01562690758149188
-0.011720180686118912
-0.011720180686118912
-0.00781345379074594
-0.00781345379074594
-0.00781345379074594
-0.00781345379074594
-0.00390672689537297
-0.00781345379074594
-0.00781345379074594
-0.00390672689537297
-0.00390672689537297
-0.00390672689537297
0.0
0.0
0.0
0.0
0.0
0.0
0.0
0.0
0.00390672689537297
0.00390672689537297
0.0
0.00390672689537297
0.00390672689537297
-0.00390672689537297
0.00390672689537297
0.00390672689537297
0.00390672689537297
0.00390672689537297
0.00390672689537297
-0.14845562202417287
-0.35941887437431325
-0.35941887437431325
-0.3398852398974484
-0.32035160542058355
-0.30863142473446464
-0.29691124404834573
-0.2773776095714809
-0.26956415578073495
-0.2500305213038701
-0.2383103406177512
-0.22659015993163228
-0.21486997924551338
-0.1992430716640215
-0.19533634476864853
-0.1836161640825296
-0.17580271029178365
-0.16408252960566475
-0.15236234891954584
-0.14845562202417287
-0.14064216823342693
-0.12892198754730802
-0.12501526065193505
-0.12110853375656208
-0.11329507996581614
-0.1054816261750702
-0.10157489927969723
-0.09766817238432426
-0.0937614454889513
-0.08594799169820534
-0.08204126480283237
-0.0781345379074594
-0.0781345379074594
-0.0664143572213405
-0.0664143572213405
-0.0664143572213405
-0.058600903430594556
-0.054694176535221586
-0.054694176535221586
-0.05078744963984862
-0.04688072274447565
-0.04688072274447565
-0.0390672689537297
-0.0390672689537297
-0.03516054205835673
-0.03516054205835673
-0.03125381516298376
-0.03516054205835673
-0.03125381516298376
-0.03125381516298376
-0.03125381516298376
-0.023440361372237824
-0.023440361372237824
-0.023440361372237824
-0.023440361372237824
-0.01953363447686485
-0.01953363447686485
-0.01562690758149188
-0.01562690758149188
-0.01562690758149188
-0.01562690758149188
-0.01562690758149188
-0.011720180686118912
-0.00781345379074594
-0.011720180686118912
-0.011720180686118912
-0.00390672689537297
-0.00781345379074594
-0.00781345379074594
-0.00390672689537297
-0.00781345379074594
0.0
-0.00390672689537297
-0.00781345379074594
0.0
-0.00390672689537297
0.0
0.0
-0.00390672689537297
0.0
0.0
0.0
0.0
0.0
-0.00390672689537297
0.00781345379074594
0.00390672689537297
0.0
0.00390672689537297
0.00390672689537297
0.0
0.00390672689537297
0.00390672689537297
0.00781345379074594
0.0
0.00390672689537297
-0.00390672689537297
0.00390672689537297
0.00390672689537297
0.0
0.00390672689537297
0.00390672689537297
0.0
0.00781345379074594
0.0
0.00390672689537297
0.00390672689537297
0.00390672689537297
0.00390672689537297
0.00390672689537297
0.00390672689537297
0.00390672689537297
0.00390672689537297
0.00390672689537297
0.00390672689537297
0.00390672689537297
0.00390672689537297
0.00781345379074594
0.011720180686118912
0.00390672689537297
0.00390672689537297
0.00781345379074594
0.00781345379074594
0.00781345379074594
0.00390672689537297
0.00390672689537297
0.00781345379074594
0.00781345379074594
0.00390672689537297
0.00781345379074594
0.00781345379074594
0.00390672689537297
0.00781345379074594
0.011720180686118912
0.00390672689537297
0.00781345379074594
0.011720180686118912
0.011720180686118912
0.00390672689537297
0.00390672689537297
0.00781345379074594
0.00390672689537297
0.00390672689537297
0.00781345379074594
0.00781345379074594
0.00390672689537297
0.00781345379074594
0.011720180686118912
0.00390672689537297
0.00390672689537297
0.011720180686118912
0.00390672689537297
0.0
0.00781345379074594
0.00390672689537297
0.00781345379074594
0.00390672689537297
0.00781345379074594
0.00781345379074594
0.00390672689537297
0.00781345379074594
0.00781345379074594
0.00781345379074594
0.00781345379074594
0.00781345379074594
0.00781345379074594
0.00781345379074594
0.00781345379074594
0.00781345379074594
0.00781345379074594
0.00781345379074594
0.00781345379074594
0.00781345379074594
0.00781345379074594
0.00781345379074594
0.00781345379074594
0.00781345379074594
0.011720180686118912
0.00390672689537297
0.00781345379074594
0.00781345379074594
0.00781345379074594
0.00781345379074594
0.00781345379074594
0.011720180686118912
0.011720180686118912
0.00781345379074594
0.011720180686118912
0.00390672689537297
0.00390672689537297
0.00390672689537297
0.00781345379074594
0.00390672689537297
0.00781345379074594
0.00390672689537297
0.00781345379074594
0.00781345379074594
0.00390672689537297
0.00781345379074594
0.00390672689537297
0.00781345379074594
0.00781345379074594
0.00390672689537297
0.011720180686118912
0.00781345379074594
0.00781345379074594
0.00390672689537297
0.00781345379074594
0.00781345379074594
0.00781345379074594
0.00390672689537297
0.00781345379074594
0.00781345379074594
0.00390672689537297
0.00781345379074594
0.00781345379074594
0.00781345379074594
0.00390672689537297
0.011720180686118912
0.00781345379074594
0.00781345379074594
0.00781345379074594
0.00781345379074594
0.00781345379074594
0.00781345379074594
0.00781345379074594
0.011720180686118912
0.00781345379074594
0.011720180686118912
0.011720180686118912
0.00781345379074594
0.00781345379074594
0.011720180686118912
0.00781345379074594
0.00781345379074594
0.00781345379074594
0.00781345379074594
0.00390672689537297
0.00781345379074594
0.00781345379074594
0.00390672689537297
0.00390672689537297
0.00781345379074594
0.00781345379074594
0.011720180686118912
0.00390672689537297
0.00390672689537297
0.00781345379074594
0.00781345379074594
0.00390672689537297
0.011720180686118912
0.00781345379074594
0.00390672689537297
0.011720180686118912
0.00781345379074594
0.00781345379074594
0.00781345379074594
0.00390672689537297
0.00781345379074594
0.00781345379074594
0.00390672689537297
0.00781345379074594
0.00781345379074594
0.00781345379074594
0.00781345379074594
0.00781345379074594
0.00781345379074594
0.00781345379074594
0.00781345379074594
0.00781345379074594
0.011720180686118912
0.00781345379074594
0.00781345379074594
0.011720180686118912
0.00781345379074594
0.00781345379074594
0.00781345379074594
0.00781345379074594
0.00781345379074594
0.011720180686118912
0.011720180686118912
0.00781345379074594
0.00390672689537297
0.00390672689537297
0.00390672689537297
0.00781345379074594
0.00390672689537297
0.00781345379074594
0.00781345379074594
0.00390672689537297
0.00390672689537297
0.011720180686118912
0.00390672689537297
0.00390672689537297
0.00781345379074594
0.00781345379074594
0.00781345379074594
0.011720180686118912
0.00390672689537297
0.00781345379074594
0.00781345379074594
0.00781345379074594
0.011720180686118912
0.00781345379074594
0.00390672689537297
0.00781345379074594
0.00781345379074594
0.00390672689537297
0.00781345379074594
0.00781345379074594
0.00781345379074594
0.00781345379074594
0.00781345379074594
0.011720180686118912
0.00781345379074594
0.00390672689537297
0.00390672689537297
0.00781345379074594
0.00390672689537297
0.00781345379074594
0.011720180686118912
0.00781345379074594
0.00781345379074594
0.011720180686118912
0.00781345379074594
0.00781345379074594
0.00781345379074594
0.00781345379074594
0.011720180686118912
0.00781345379074594
0.00390672689537297
0.00781345379074594
0.00781345379074594
0.00781345379074594
0.011720180686118912
0.00781345379074594
0.00390672689537297
0.00781345379074594
0.00781345379074594
0.00390672689537297
0.00781345379074594
0.00781345379074594
0.00781345379074594
0.00781345379074594
0.00781345379074594
0.00390672689537297
0.011720180686118912
0.00781345379074594
0.00390672689537297
0.00781345379074594
0.011720180686118912
0.00390672689537297
0.00781345379074594
0.00781345379074594
0.00781345379074594
0.00781345379074594