-0.0009765625
0.0
-0.0009765625
0.0
-0.0029296875
-0.00390625
-0.0029296875
-0.0048828125
-0.001953125
-0.00390625
-0.001953125
-0.0009765625
-0.001953125
0.0
0.0
-0.0009765625
0.0
-0.00390625
-0.0029296875
-0.00390625
-0.0029296875
-0.0009765625
-0.0029296875
-0.001953125
-0.0009765625
0.0
-0.0009765625
0.0
0.0
0.0
-0.0146484375
-0.01171875
-0.0078125
-0.0087890625
-0.0068359375
-0.0048828125
-0.0048828125
-0.0029296875
-0.00390625
-0.0029296875
-0.0029296875
-0.001953125
-0.00390625
-0.0048828125
-0.00390625
-0.001953125
-0.0029296875
-0.001953125
-0.001953125
-0.0009765625
-0.0009765625
-0.0009765625
-0.0009765625
0.0
-0.0009765625
-0.220703125
-0.279296875
-0.240234375
-0.205078125
-0.1767578125
-0.150390625
-0.1279296875
-0.111328125
-0.0927734375
-0.080078125
-0.0673828125
-0.0576171875
-0.048828125
-0.0439453125
-0.0380859375
-0.033203125
-0.0263671875
-0.021484375
-0.0185546875
-0.0146484375
-0.0126953125
-0.0107421875
-0.0068359375
-0.005859375
-0.00390625
-0.0029296875
-0.42578125
-0.376953125
-0.32421875
-0.27734375
-0.236328125
-0.2021484375
-0.171875
-0.146484375
-0.1240234375
-0.10546875
-0.0888671875
-0.07421875
-0.0625
-0.0556640625
-0.0458984375
-0.0380859375
-0.03125
-0.025390625
-0.01953125
-0.015625
-0.0107421875
-0.0078125
-0.00390625
-0.00390625
-0.0009765625
-0.0654296875
-0.3818359375
-0.328125
-0.279296875
-0.2373046875
-0.2001953125
-0.169921875
-0.1435546875
-0.1220703125
-0.1015625
-0.083984375
-0.0693359375
-0.056640625
-0.05078125
-0.0400390625
-0.0341796875
-0.0263671875
-0.01953125
-0.013671875
-0.009765625
-0.0048828125
-0.001953125
0.001953125
0.00390625
0.005859375
0.0078125
-0.390625
-0.36328125
-0.310546875
-0.263671875
-0.22265625
-0.1875
-0.158203125
-0.1318359375
-0.1103515625
-0.0908203125
-0.0732421875
-0.060546875
-0.0498046875
-0.041015625
-0.0302734375
-0.0244140625
-0.0185546875
-0.0107421875
-0.0068359375
-0.001953125
0.0029296875
0.005859375
0.0078125
0.009765625
0.01171875
0.0146484375
-0.400390625
-0.3447265625
-0.2919921875
-0.2451171875
-0.2060546875
-0.1728515625
-0.1455078125
-0.1201171875
-0.0986328125
-0.0791015625
-0.0654296875
-0.05078125
-0.0419921875
-0.03125
-0.0234375
-0.015625
-0.0087890625
-0.001953125
0.001953125
0.0048828125
0.0087890625
0.01171875
0.0166015625
0.017578125
0.01953125
-0.2939453125
-0.3798828125
-0.3232421875
-0.2724609375
-0.228515625
-0.1923828125
-0.16015625
-0.130859375
-0.107421875
-0.0869140625
-0.0703125
-0.0546875
-0.041015625
-0.033203125
-0.0224609375
-0.0146484375
-0.0068359375
-0.0009765625
0.00390625
0.0087890625
0.013671875
0.0166015625
0.01953125
0.0224609375
0.0234375
0.025390625
-0.3984375
-0.3505859375
-0.2978515625
-0.2490234375
-0.2080078125
-0.1728515625
-0.142578125
-0.115234375
-0.0927734375
-0.0732421875
-0.0576171875
-0.0419921875
-0.03125
-0.0224609375
-0.0146484375
-0.005859375
0.001953125
0.0068359375
0.01171875
0.0166015625
0.0205078125
0.0234375
0.0263671875
0.0302734375
0.0302734375
-0.037109375
-0.3701171875
-0.314453125
-0.2626953125
-0.216796875
-0.1796875
-0.1484375
-0.119140625
-0.0966796875
-0.0751953125
-0.0576171875
-0.04296875
-0.03125
-0.0224609375
-0.0126953125
-0.0029296875
0.0048828125
0.0087890625
0.015625
0.01953125
0.0244140625
0.0283203125
0.0302734375
0.033203125
0.03515625
0.037109375
-0.375
-0.3447265625
-0.2890625
-0.2412109375
-0.19921875
-0.1640625
-0.1328125
-0.107421875
-0.083984375
-0.0625
-0.048828125
-0.033203125
-0.021484375
-0.013671875
-0.00390625
0.00390625
0.009765625
0.0166015625
0.021484375
0.0263671875
0.0302734375
0.033203125
0.037109375
0.0390625
0.041015625
0.04296875
-0.357421875
-0.3017578125
-0.251953125
-0.2080078125
-0.169921875
-0.1376953125
-0.109375
-0.0859375
-0.06640625
-0.046875
-0.033203125
-0.0205078125
-0.0107421875
-0.0029296875
0.005859375
0.0126953125
0.01953125
0.025390625
0.0302734375
0.03515625
0.0380859375
0.041015625
0.0419921875
0.044921875
0.046875
-0.25
-0.3388671875
-0.2841796875
-0.2353515625
-0.193359375
-0.15625
-0.1259765625
-0.099609375
-0.076171875
-0.0556640625
-0.0400390625
-0.025390625
-0.0126953125
-0.005859375
0.00390625
0.013671875
0.0205078125
0.0263671875
0.03125
0.03515625
0.0400390625
0.04296875
0.044921875
0.0478515625
0.0498046875
0.052734375
0.0498046875
0.0517578125
0.052734375
0.0556640625
0.0556640625
0.0556640625
0.0576171875
0.05859375
0.05859375
0.0595703125
0.0595703125
0.05859375
0.0595703125
0.0576171875
0.0576171875
0.0576171875
0.05859375
0.05859375
0.0595703125
0.0595703125
0.0595703125
0.0595703125
0.0595703125
0.05859375
0.0595703125
0.0576171875
0.056640625
0.0576171875
0.0576171875
0.0576171875
0.05859375
0.05859375
0.0576171875
0.0576171875
0.0595703125
0.05859375
0.05859375
0.05859375
0.0556640625
0.0546875
0.0556640625
0.056640625
0.056640625
0.056640625
0.0576171875
0.0576171875
0.056640625
0.0576171875
0.0576171875
0.056640625
0.05859375
0.0537109375
0.052734375
0.0556640625
0.0546875
0.0546875
0.0546875
0.056640625
0.0556640625