# [[224, 208, 222, 205, 214, 217, 220, 211], [188, 179, 168, 177, 160, 169, 180, 180], [96, 114, 96, 106, 101, 101, 111, 98], [0, 0, 0, 0, 0, 1, 1, 0], [126, 136, 125, 141, 117, 129, 123, 135], [126, 119, 113, 126, 132, 126, 144, 130], [125, 127, 128, 126, 144, 134, 124, 119], [134, 117, 126, 127, 118, 129, 116, 126]]

#	bit		mean			med			dev
	0			215.12		215.5		6.81
	1			175.12		178.0		8.85
	2			102.88		101.0		6.81
	3				0.25		  0.0		0.46
	4			129.00		127.5		7.87
	5			127.00		126.0		9.15
	6			128.38		126.5		7.58
	7			124.12		126.0		6.45
